Marcelo,81,86,71,0,0,1,5
I. Rakitic,72,86,83,0,1,4,5
L. Modric,70,92,76,1,1,4,5
A. Griezmann,50,84,86,2,2,2,5
E. Hazard,34,90,82,2,2,1,5
K. Mbappe,39,84,81,2,2,2,5
L. Messi,32,89,91,2,2,2,5
Neymar Jr.,32,89,84,2,2,1,5
N. Kante,87,79,66,1,3,5,5
C. Ronaldo,35,86,92,4,4,1,5
L. Suarez,52,83,90,0,4,2,5
M. Salah,45,84,85,2,4,2,5
G. Bale,58,85,88,4,5,0,5
J. Rodriguez,50,87,86,0,5,1,5
K. De Bruyne,60,90,86,0,5,0,5
T. Kroos,74,88,82,0,5,4,5
D. De Gea,94,67,37,0,6,0,5
J. Oblak,93,58,23,0,6,0,5
M. Neuer,93,71,34,0,6,0,5
T. Courtois,93,54,26,0,6,0,5
D. Costa,43,86,75,2,0,1,4
Jonas,38,80,86,0,0,2,4
P. Coutinho,45,88,81,0,0,1,4
R. Nainggolan,83,80,79,1,0,5,4
T. Silva,88,72,54,0,0,6,4
C. Eriksen,53,87,82,0,1,4,4
D. Silva,50,89,74,0,1,4,4
Koke,69,85,75,0,1,0,4
M. Hamsik,72,84,80,0,1,3,4
P. Pogba,69,85,79,3,1,1,4
Thiago,67,87,74,0,1,1,4
A. Sanchez,45,84,83,0,2,0,4
P. Dybala,28,87,85,2,2,0,4
S. Aguero,28,83,89,0,2,2,4
A. Vidal,84,79,80,0,3,0,4
Fernandinho,83,79,74,0,3,6,4
S. Busquets,85,82,62,0,3,6,4
S. Khedira,81,79,76,0,3,0,4
E. Cavani,52,76,87,0,4,3,4
H. Kane,47,80,90,0,4,2,4
I. Aspas,35,82,86,0,4,2,4
R. Lewandowski,41,80,89,0,4,2,4
Allison,88,65,34,0,6,0,4
Ederson,89,70,44,0,6,0,4
G. Buffon,91,54,29,0,6,0,4
H. Lloris,91,48,45,0,6,0,4
M. Ter Stegen,92,68,18,0,6,0,4
S. Asenjo,89,57,39,0,6,0,4
S. Handanovic,91,49,31,0,6,0,4
C. Azpilicueta,87,76,55,0,0,5,3
C. Immobile,39,73,87,0,0,2,3
C. Tevez,43,76,77,0,0,2,3
D. Alli,65,80,81,0,0,1,3
D. Mertens,34,85,83,2,0,2,3
D. Payet,38,85,77,0,0,1,3
F. Anderson,56,83,75,2,0,1,3
Fabinho,84,78,69,1,0,0,3
I. Perisic,62,82,80,2,0,2,3
J. Martinez,86,70,55,0,0,5,3
J. Vertonghen,88,72,63,0,0,6,3
L. Insigne,36,87,76,2,0,1,3
L. Leiva,82,78,66,0,0,6,3
L. Sane,38,82,81,2,0,1,3
M. Pjanic,73,86,70,0,0,4,3
Naldo,87,63,69,0,0,5,3
Paulinho,79,82,76,1,0,4,3
Q. Promes,32,81,83,2,0,1,3
R. Firmino,61,83,83,0,0,0,3
S. Milinkovic-Savic,77,81,79,4,0,0,3
C. Fabregas,60,84,74,0,1,0,3
D. Parejo,71,84,80,0,1,0,3
H. Ziyech,57,84,73,0,1,0,3
J. Mata,37,85,76,0,1,0,3
Jorginho,69,83,64,1,1,0,3
S. Cazorla,60,84,74,0,1,1,3
N. Keita,64,84,73,0,2,0,3
Y. Brahimi,41,84,75,0,2,1,3
D. De Rossi,85,72,63,0,3,0,3
G. Kondogbia,83,78,73,3,3,0,3
M. Verratti,79,86,60,0,3,0,3
N. Matic,83,77,71,3,3,6,3
A. Belotti,41,67,81,3,4,0,3
E. Dzeko,46,73,85,0,4,0,3
G. Higuain,31,76,87,0,4,0,3
H. Lozano,41,77,75,2,4,3,3
M. Icardi,36,70,85,0,4,0,3
R. Falcao,43,74,84,0,4,3,3
T. Muller,50,79,83,0,4,3,3
T. Werner,35,75,82,2,4,3,3
A. Talisca,59,80,82,0,5,0,3
B. Fernandes,62,84,80,1,5,0,3
R. Fahrmann,87,32,18,0,6,0,3
H. Son,42,80,85,2,5,0,3
Hulk,48,74,84,4,5,0,3
D. Subasic,86,59,31,0,6,0,3
E. Viviano,86,59,10,0,6,0,3
I. Casillas,85,38,39,0,6,0,3
Kepa,86,56,14,0,6,0,3
Neto,87,59,33,0,6,0,3
R. Patricio,86,60,33,0,6,0,3
S. Mandanda,86,50,33,0,6,0,3
S. Sirigu,85,56,30,0,6,0,3
W. Szczesny,87,51,31,0,6,0,3
A. Dzagoev,70,78,74,0,0,0,2
A. Gomez,39,85,76,2,0,0,2
A. Masuaku,70,76,73,2,0,0,2
A. Rabiot,77,80,74,0,0,0,2
A. Saint-Maximin,23,76,71,2,0,0,2
Allan,82,79,66,0,0,6,2
Bruma,32,78,73,2,0,0,2
D. Blind,78,77,56,0,0,6,2
D. Caligiuri,71,79,76,0,0,0,2
E. Banega,69,85,70,0,0,4,2
E. Salvio,57,79,77,2,0,0,2
F. Luis,81,78,62,1,0,0,2
G. Martinez,32,78,74,2,0,0,2
H. Herrera,78,74,73,1,0,4,2
I. Muniain,51,79,71,0,0,1,2
I. Williams,41,76,78,2,0,0,2
J. Corona,46,81,72,0,0,1,2
J. Lens,36,76,75,2,0,0,2
J. Moutinho,70,81,76,0,0,0,2
J. Pastore,56,84,75,0,0,0,2
J. Seri,73,81,71,0,0,0,2
L. Fejsa,82,67,57,1,0,0,2
L. Gustavo,82,70,60,0,0,5,2
L. Ocampos,56,75,75,0,0,0,2
Lucas,42,80,74,2,0,1,2
M. Arnautovic,47,79,79,4,0,0,2
M. Balotelli,24,76,84,0,0,1,2
M. Brozovic,74,80,73,1,0,0,2
M. Fernandes,81,75,62,1,0,0,2
M. Marega,42,62,80,4,0,0,2
M. Parolo,79,76,76,1,0,0,2
M. Trigueros,70,81,74,0,0,4,2
M. Uth,34,73,84,0,0,2,2
Marlos,48,82,76,0,0,1,2
Mathieu,84,66,64,3,0,0,2
N. Pepe,31,77,80,2,0,0,2
Nani,35,82,78,0,0,1,2
Oscar,55,81,76,0,0,0,2
P. Sarabia,32,83,75,0,0,0,2
Pizzi,64,82,76,0,0,3,2
R. Pereyra,61,80,71,0,0,0,2
R. Quaresma,24,86,74,0,0,1,2
R. Sessegnon,65,71,68,2,0,0,2
R. Vormer,74,74,76,1,0,0,2
Rodrigo,44,77,81,2,0,0,2
S. El Shaarawy,42,77,76,2,0,1,2
Saul,78,81,77,0,0,0,2
Taison,47,80,79,2,0,0,2
W. Ben Yedder,39,79,78,0,0,3,2
W. Cyprien,74,78,75,1,0,0,2
Y. Belhanda,57,82,76,0,0,0,2
A. Rebic,36,74,78,4,2,0,2
F. Thauvin,42,82,80,0,2,0,2
G. Deulofeu,30,81,70,2,2,0,2
D. Pereira,82,72,64,3,3,0,2
D. Sousa,29,62,78,3,4,0,2
G. Moreno,45,62,81,0,4,0,2
J. Hernandez,31,69,80,0,4,0,2
L. Adriano,33,71,78,0,4,0,2
L. Jovic,27,67,76,0,4,0,2
A. Schurrle,47,75,80,0,5,0,2
F. Quagliarella,30,75,85,0,5,0,2
J. Ilicic,43,81,80,0,5,0,2
M. Sabitzer,56,78,80,0,5,0,2
Y. Tielemans,68,80,79,0,5,0,2
B. Foster,83,53,30,0,6,0,2
D. Ospina,82,61,17,0,6,0,2
F. Muslera,84,55,40,0,6,0,2
I. Akinfeev,83,58,31,0,6,0,2
J. Zoet,83,57,37,0,6,0,2
K. Trapp,83,57,25,0,6,0,2
L. Fabianski,83,50,30,0,6,0,2
L. Karius,82,58,35,0,6,0,2
R. Olsen,83,57,16,0,6,0,2
S. Rico,83,57,30,0,6,0,2
T. Strakosha,84,55,21,0,6,0,2
A. Doucoure,79,74,74,1,0,0,1
A. Ekdal,70,74,65,0,0,0,1
A. Hernandez,31,65,74,0,0,0,1
A. Mitrovic,27,61,76,3,0,0,1
A. Negredo,36,66,79,3,0,0,1
A. Samedov,50,77,74,0,0,0,1
A. Silva,43,70,74,3,0,0,1
A. Simoes,72,74,68,0,0,0,1
A. Traore,25,73,61,2,0,0,1
B. Dost,45,62,83,3,0,0,1
C. Ansaldi,74,77,59,0,0,0,1
C. Pavon,47,77,76,2,0,0,1
D. Chygrynskyi,76,52,39,0,0,0,1
D. Tadic,39,82,69,0,0,0,1
D. Zapata,37,62,78,3,0,0,1
Dante,81,65,52,0,0,0,1
E. Derdiyok,32,66,76,3,0,0,1
E. Dier,82,69,63,0,0,0,1
E. Forsberg,33,82,71,0,0,0,1
E. Perez,76,75,71,1,0,0,1
F. Gago,73,75,59,0,0,4,1
F. Geraldes,43,77,59,0,0,0,1
F. Xiaoting,72,55,41,0,0,0,1
Fernando,79,69,61,1,0,0,1
G. Medel,81,69,47,0,0,0,1
G. Pereiro,40,76,74,0,0,0,1
G. Ramirez,39,79,75,0,0,0,1
G. Schennikov,73,70,53,0,0,0,1
G. Simeone,39,67,76,0,0,0,1
H. Mallo,76,72,40,1,0,0,1
H. Vanaken,61,77,73,0,0,0,1
I. Falque,41,81,74,0,0,0,1
I. Scocco,35,76,80,0,0,0,1
Iturraspe,78,71,63,0,0,0,1
J. Hendrix,75,71,59,0,0,0,1
J. Quintero,38,81,71,0,0,1,1
J. Veretout,71,77,70,0,0,0,1
Jr. Moraes,27,63,75,0,0,0,1
K. Huntelaar,35,65,78,0,0,0,1
K. Mirallas,43,79,74,0,0,0,1
L. De Jong,43,68,76,0,0,2,1
L. Muriel,27,75,75,2,0,0,1
L. Remy,37,70,77,0,0,0,1
L. Tonelli,79,54,31,0,0,5,1
M. Batshuayi,33,68,81,0,0,0,1
M. De Roon,78,70,65,1,0,0,1
M. Hasebe,77,78,51,0,0,0,1
M. Nakamba,77,68,50,0,0,0,1
N. Nandez,72,71,65,1,0,0,1
O. Akhmedov,71,71,78,1,0,0,1
O. Yokuslu,75,73,70,0,0,0,1
P. Mantalos,50,77,69,0,0,0,1
R. Esgaio,70,78,65,0,0,0,1
R. Goulart,41,77,76,0,0,0,1
R. Horta,42,79,75,0,0,0,1
R. Neves,70,78,70,0,0,0,1
R. Zobnin,78,77,64,1,0,0,1
Raul,81,61,54,3,0,0,1
S. Feghouli,34,78,72,0,0,0,1
S. Hanni,55,75,74,0,0,0,1
S. Lobotka,67,77,60,0,0,0,1
S. Rode,77,71,62,0,0,6,1
S. Rudy,75,80,68,0,0,4,1
Susaeta,41,83,71,0,0,0,1
T. Deeney,35,67,78,3,0,0,1
T. Maia,73,69,57,0,0,0,1
T. Mendes,71,74,70,0,0,0,1
T. Rincon,76,73,59,0,0,0,1
T. Stepanenko,78,71,61,0,0,0,1
V. Barkas,75,46,15,0,6,0,1
V. Enyeama,79,50,29,0,6,0,1
V. Iborra,79,73,71,3,0,0,1
Wesley,35,67,73,3,0,0,1
Wu Lei,35,70,73,2,0,2,1
Y. Konoplyanka,31,79,76,0,0,0,1
Diogo Jota,51,76,77,0,2,0,1
M. Livaja,32,68,72,0,4,0,1
A. Lafont,80,51,28,0,6,0,1
A. Onana,81,64,44,0,6,0,1
A. Pyatov,81,62,24,0,6,0,1
A. Remiro,80,58,20,0,6,0,1
A. Rossi,77,40,24,0,6,0,1
A. Selikhov,81,58,13,0,6,0,1
B. Varela,79,43,17,0,6,0,1
Benitez,80,48,25,0,6,0,1
E. Berisha,81,47,8,0,6,0,1
F. Armani,82,49,20,0,6,0,1
Matheus,81,51,24,0,6,0,1
P. Gulacsi,82,56,21,0,6,0,1
Rafael,77,51,32,0,6,0,1
Sergio,81,55,24,0,6,0,1
T. Vaclik,81,54,14,0,6,0,1
V. Gabulov,75,40,38,0,6,0,1
Y. Junling,75,50,33,0,6,0,1
Zeng Cheng,75,50,10,0,6,0,1
